ProjectBuilder.java,org.zalando.catwatch.backend.repo.builder.ProjectBuilder,org.pitest.mutationtest.engine.gregor.mutators.VoidMethodCallMutator,<init>,37,NO_COVERAGE,none
ProjectBuilder.java,org.zalando.catwatch.backend.repo.builder.ProjectBuilder,org.pitest.mutationtest.engine.gregor.mutators.VoidMethodCallMutator,<init>,38,NO_COVERAGE,none
ProjectBuilder.java,org.zalando.catwatch.backend.repo.builder.ProjectBuilder,org.pitest.mutationtest.engine.gregor.mutators.VoidMethodCallMutator,<init>,39,NO_COVERAGE,none
ProjectBuilder.java,org.zalando.catwatch.backend.repo.builder.ProjectBuilder,org.pitest.mutationtest.engine.gregor.mutators.VoidMethodCallMutator,<init>,40,NO_COVERAGE,none
ProjectBuilder.java,org.zalando.catwatch.backend.repo.builder.ProjectBuilder,org.pitest.mutationtest.engine.gregor.mutators.VoidMethodCallMutator,<init>,41,NO_COVERAGE,none
ProjectBuilder.java,org.zalando.catwatch.backend.repo.builder.ProjectBuilder,org.pitest.mutationtest.engine.gregor.mutators.VoidMethodCallMutator,<init>,42,NO_COVERAGE,none
ProjectBuilder.java,org.zalando.catwatch.backend.repo.builder.ProjectBuilder,org.pitest.mutationtest.engine.gregor.mutators.VoidMethodCallMutator,<init>,43,NO_COVERAGE,none
ProjectBuilder.java,org.zalando.catwatch.backend.repo.builder.ProjectBuilder,org.pitest.mutationtest.engine.gregor.mutators.VoidMethodCallMutator,<init>,44,NO_COVERAGE,none
ProjectBuilder.java,org.zalando.catwatch.backend.repo.builder.ProjectBuilder,org.pitest.mutationtest.engine.gregor.mutators.VoidMethodCallMutator,<init>,45,NO_COVERAGE,none
ProjectBuilder.java,org.zalando.catwatch.backend.repo.builder.ProjectBuilder,org.pitest.mutationtest.engine.gregor.mutators.VoidMethodCallMutator,<init>,46,NO_COVERAGE,none
ProjectBuilder.java,org.zalando.catwatch.backend.repo.builder.ProjectBuilder,org.pitest.mutationtest.engine.gregor.mutators.VoidMethodCallMutator,commitsCount,98,SURVIVED,none
ProjectBuilder.java,org.zalando.catwatch.backend.repo.builder.ProjectBuilder,org.pitest.mutationtest.engine.gregor.mutators.returns.NullReturnValsMutator,commitsCount,99,KILLED,mt.org.zalando.catwatch.backend.CatwatchEndpointTest.[engine:junit-jupiter]/[class:mt.org.zalando.catwatch.backend.CatwatchEndpointTest]
ProjectBuilder.java,org.zalando.catwatch.backend.repo.builder.ProjectBuilder,org.pitest.mutationtest.engine.gregor.mutators.VoidMethodCallMutator,contributorsCount,103,SURVIVED,none
ProjectBuilder.java,org.zalando.catwatch.backend.repo.builder.ProjectBuilder,org.pitest.mutationtest.engine.gregor.mutators.returns.NullReturnValsMutator,contributorsCount,104,KILLED,mt.org.zalando.catwatch.backend.CatwatchEndpointTest.[engine:junit-jupiter]/[class:mt.org.zalando.catwatch.backend.CatwatchEndpointTest]
ProjectBuilder.java,org.zalando.catwatch.backend.repo.builder.ProjectBuilder,org.pitest.mutationtest.engine.gregor.mutators.VoidMethodCallMutator,create,134,SURVIVED,none
ProjectBuilder.java,org.zalando.catwatch.backend.repo.builder.ProjectBuilder,org.pitest.mutationtest.engine.gregor.mutators.VoidMethodCallMutator,create,137,SURVIVED,none
ProjectBuilder.java,org.zalando.catwatch.backend.repo.builder.ProjectBuilder,org.pitest.mutationtest.engine.gregor.mutators.VoidMethodCallMutator,create,138,SURVIVED,none
ProjectBuilder.java,org.zalando.catwatch.backend.repo.builder.ProjectBuilder,org.pitest.mutationtest.engine.gregor.mutators.VoidMethodCallMutator,create,139,SURVIVED,none
ProjectBuilder.java,org.zalando.catwatch.backend.repo.builder.ProjectBuilder,org.pitest.mutationtest.engine.gregor.mutators.VoidMethodCallMutator,create,140,SURVIVED,none
ProjectBuilder.java,org.zalando.catwatch.backend.repo.builder.ProjectBuilder,org.pitest.mutationtest.engine.gregor.mutators.VoidMethodCallMutator,create,141,SURVIVED,none
ProjectBuilder.java,org.zalando.catwatch.backend.repo.builder.ProjectBuilder,org.pitest.mutationtest.engine.gregor.mutators.VoidMethodCallMutator,create,142,SURVIVED,none
ProjectBuilder.java,org.zalando.catwatch.backend.repo.builder.ProjectBuilder,org.pitest.mutationtest.engine.gregor.mutators.VoidMethodCallMutator,create,143,SURVIVED,none
ProjectBuilder.java,org.zalando.catwatch.backend.repo.builder.ProjectBuilder,org.pitest.mutationtest.engine.gregor.mutators.VoidMethodCallMutator,create,144,SURVIVED,none
ProjectBuilder.java,org.zalando.catwatch.backend.repo.builder.ProjectBuilder,org.pitest.mutationtest.engine.gregor.mutators.VoidMethodCallMutator,create,145,SURVIVED,none
ProjectBuilder.java,org.zalando.catwatch.backend.repo.builder.ProjectBuilder,org.pitest.mutationtest.engine.gregor.mutators.VoidMethodCallMutator,create,146,SURVIVED,none
ProjectBuilder.java,org.zalando.catwatch.backend.repo.builder.ProjectBuilder,org.pitest.mutationtest.engine.gregor.mutators.VoidMethodCallMutator,create,147,SURVIVED,none
ProjectBuilder.java,org.zalando.catwatch.backend.repo.builder.ProjectBuilder,org.pitest.mutationtest.engine.gregor.mutators.VoidMethodCallMutator,create,148,SURVIVED,none
ProjectBuilder.java,org.zalando.catwatch.backend.repo.builder.ProjectBuilder,org.pitest.mutationtest.engine.gregor.mutators.VoidMethodCallMutator,create,149,SURVIVED,none
ProjectBuilder.java,org.zalando.catwatch.backend.repo.builder.ProjectBuilder,org.pitest.mutationtest.engine.gregor.mutators.VoidMethodCallMutator,create,150,SURVIVED,none
ProjectBuilder.java,org.zalando.catwatch.backend.repo.builder.ProjectBuilder,org.pitest.mutationtest.engine.gregor.mutators.returns.NullReturnValsMutator,create,151,KILLED,mt.org.zalando.catwatch.backend.CatwatchEndpointTest.[engine:junit-jupiter]/[class:mt.org.zalando.catwatch.backend.CatwatchEndpointTest]
ProjectBuilder.java,org.zalando.catwatch.backend.repo.builder.ProjectBuilder,org.pitest.mutationtest.engine.gregor.mutators.VoidMethodCallMutator,days,63,NO_COVERAGE,none
ProjectBuilder.java,org.zalando.catwatch.backend.repo.builder.ProjectBuilder,org.pitest.mutationtest.engine.gregor.mutators.returns.NullReturnValsMutator,days,64,NO_COVERAGE,none
ProjectBuilder.java,org.zalando.catwatch.backend.repo.builder.ProjectBuilder,org.pitest.mutationtest.engine.gregor.mutators.VoidMethodCallMutator,forksCount,88,SURVIVED,none
ProjectBuilder.java,org.zalando.catwatch.backend.repo.builder.ProjectBuilder,org.pitest.mutationtest.engine.gregor.mutators.returns.NullReturnValsMutator,forksCount,89,KILLED,mt.org.zalando.catwatch.backend.CatwatchEndpointTest.[engine:junit-jupiter]/[class:mt.org.zalando.catwatch.backend.CatwatchEndpointTest]
ProjectBuilder.java,org.zalando.catwatch.backend.repo.builder.ProjectBuilder,org.pitest.mutationtest.engine.gregor.mutators.VoidMethodCallMutator,gitHubProjectId,68,SURVIVED,none
ProjectBuilder.java,org.zalando.catwatch.backend.repo.builder.ProjectBuilder,org.pitest.mutationtest.engine.gregor.mutators.returns.NullReturnValsMutator,gitHubProjectId,69,KILLED,mt.org.zalando.catwatch.backend.CatwatchEndpointTest.[engine:junit-jupiter]/[class:mt.org.zalando.catwatch.backend.CatwatchEndpointTest]
ProjectBuilder.java,org.zalando.catwatch.backend.repo.builder.ProjectBuilder,org.pitest.mutationtest.engine.gregor.mutators.VoidMethodCallMutator,name,58,SURVIVED,none
ProjectBuilder.java,org.zalando.catwatch.backend.repo.builder.ProjectBuilder,org.pitest.mutationtest.engine.gregor.mutators.returns.NullReturnValsMutator,name,59,KILLED,mt.org.zalando.catwatch.backend.CatwatchEndpointTest.[engine:junit-jupiter]/[class:mt.org.zalando.catwatch.backend.CatwatchEndpointTest]
ProjectBuilder.java,org.zalando.catwatch.backend.repo.builder.ProjectBuilder,org.pitest.mutationtest.engine.gregor.mutators.VoidMethodCallMutator,organizationName,78,SURVIVED,none
ProjectBuilder.java,org.zalando.catwatch.backend.repo.builder.ProjectBuilder,org.pitest.mutationtest.engine.gregor.mutators.returns.NullReturnValsMutator,organizationName,79,KILLED,mt.org.zalando.catwatch.backend.CatwatchEndpointTest.[engine:junit-jupiter]/[class:mt.org.zalando.catwatch.backend.CatwatchEndpointTest]
ProjectBuilder.java,org.zalando.catwatch.backend.repo.builder.ProjectBuilder,org.pitest.mutationtest.engine.gregor.mutators.VoidMethodCallMutator,primaryLanguage,83,SURVIVED,none
ProjectBuilder.java,org.zalando.catwatch.backend.repo.builder.ProjectBuilder,org.pitest.mutationtest.engine.gregor.mutators.returns.NullReturnValsMutator,primaryLanguage,84,KILLED,mt.org.zalando.catwatch.backend.CatwatchEndpointTest.[engine:junit-jupiter]/[class:mt.org.zalando.catwatch.backend.CatwatchEndpointTest]
ProjectBuilder.java,org.zalando.catwatch.backend.repo.builder.ProjectBuilder,org.pitest.mutationtest.engine.gregor.mutators.returns.NullReturnValsMutator,save,155,SURVIVED,none
ProjectBuilder.java,org.zalando.catwatch.backend.repo.builder.ProjectBuilder,org.pitest.mutationtest.engine.gregor.mutators.VoidMethodCallMutator,score,123,SURVIVED,none
ProjectBuilder.java,org.zalando.catwatch.backend.repo.builder.ProjectBuilder,org.pitest.mutationtest.engine.gregor.mutators.returns.NullReturnValsMutator,score,124,KILLED,mt.org.zalando.catwatch.backend.CatwatchEndpointTest.[engine:junit-jupiter]/[class:mt.org.zalando.catwatch.backend.CatwatchEndpointTest]
ProjectBuilder.java,org.zalando.catwatch.backend.repo.builder.ProjectBuilder,org.pitest.mutationtest.engine.gregor.mutators.VoidMethodCallMutator,snapshotDate,73,SURVIVED,none
ProjectBuilder.java,org.zalando.catwatch.backend.repo.builder.ProjectBuilder,org.pitest.mutationtest.engine.gregor.mutators.returns.NullReturnValsMutator,snapshotDate,74,KILLED,mt.org.zalando.catwatch.backend.CatwatchEndpointTest.[engine:junit-jupiter]/[class:mt.org.zalando.catwatch.backend.CatwatchEndpointTest]
ProjectBuilder.java,org.zalando.catwatch.backend.repo.builder.ProjectBuilder,org.pitest.mutationtest.engine.gregor.mutators.VoidMethodCallMutator,starsCount,93,SURVIVED,none
ProjectBuilder.java,org.zalando.catwatch.backend.repo.builder.ProjectBuilder,org.pitest.mutationtest.engine.gregor.mutators.returns.NullReturnValsMutator,starsCount,94,KILLED,mt.org.zalando.catwatch.backend.CatwatchEndpointTest.[engine:junit-jupiter]/[class:mt.org.zalando.catwatch.backend.CatwatchEndpointTest]
ProjectBuilder.java,org.zalando.catwatch.backend.repo.builder.ProjectBuilder,org.pitest.mutationtest.engine.gregor.mutators.VoidMethodCallMutator,updateUrl,50,SURVIVED,none
DatabasePopulator.java,org.zalando.catwatch.backend.repo.util.DatabasePopulator,org.pitest.mutationtest.engine.gregor.mutators.MathMutator,commitsFor,56,SURVIVED,none
DatabasePopulator.java,org.zalando.catwatch.backend.repo.util.DatabasePopulator,org.pitest.mutationtest.engine.gregor.mutators.MathMutator,commitsFor,56,SURVIVED,none
DatabasePopulator.java,org.zalando.catwatch.backend.repo.util.DatabasePopulator,org.pitest.mutationtest.engine.gregor.mutators.MathMutator,commitsFor,56,SURVIVED,none
DatabasePopulator.java,org.zalando.catwatch.backend.repo.util.DatabasePopulator,org.pitest.mutationtest.engine.gregor.mutators.MathMutator,commitsFor,56,SURVIVED,none
DatabasePopulator.java,org.zalando.catwatch.backend.repo.util.DatabasePopulator,org.pitest.mutationtest.engine.gregor.mutators.MathMutator,commitsFor,56,SURVIVED,none
DatabasePopulator.java,org.zalando.catwatch.backend.repo.util.DatabasePopulator,org.pitest.mutationtest.engine.gregor.mutators.returns.PrimitiveReturnsMutator,commitsFor,56,SURVIVED,none
DatabasePopulator.java,org.zalando.catwatch.backend.repo.util.DatabasePopulator,org.pitest.mutationtest.engine.gregor.mutators.MathMutator,contributorsFor,60,SURVIVED,none
DatabasePopulator.java,org.zalando.catwatch.backend.repo.util.DatabasePopulator,org.pitest.mutationtest.engine.gregor.mutators.MathMutator,contributorsFor,60,SURVIVED,none
DatabasePopulator.java,org.zalando.catwatch.backend.repo.util.DatabasePopulator,org.pitest.mutationtest.engine.gregor.mutators.MathMutator,contributorsFor,60,SURVIVED,none
DatabasePopulator.java,org.zalando.catwatch.backend.repo.util.DatabasePopulator,org.pitest.mutationtest.engine.gregor.mutators.MathMutator,contributorsFor,60,SURVIVED,none
DatabasePopulator.java,org.zalando.catwatch.backend.repo.util.DatabasePopulator,org.pitest.mutationtest.engine.gregor.mutators.MathMutator,contributorsFor,60,SURVIVED,none
DatabasePopulator.java,org.zalando.catwatch.backend.repo.util.DatabasePopulator,org.pitest.mutationtest.engine.gregor.mutators.returns.PrimitiveReturnsMutator,contributorsFor,60,SURVIVED,none
DatabasePopulator.java,org.zalando.catwatch.backend.repo.util.DatabasePopulator,org.pitest.mutationtest.engine.gregor.mutators.MathMutator,forksFor,48,SURVIVED,none
DatabasePopulator.java,org.zalando.catwatch.backend.repo.util.DatabasePopulator,org.pitest.mutationtest.engine.gregor.mutators.MathMutator,forksFor,48,SURVIVED,none
DatabasePopulator.java,org.zalando.catwatch.backend.repo.util.DatabasePopulator,org.pitest.mutationtest.engine.gregor.mutators.MathMutator,forksFor,48,SURVIVED,none
DatabasePopulator.java,org.zalando.catwatch.backend.repo.util.DatabasePopulator,org.pitest.mutationtest.engine.gregor.mutators.returns.PrimitiveReturnsMutator,forksFor,48,SURVIVED,none
DatabasePopulator.java,org.zalando.catwatch.backend.repo.util.DatabasePopulator,org.pitest.mutationtest.engine.gregor.mutators.MathMutator,language,69,KILLED,mt.org.zalando.catwatch.backend.CatwatchEndpointTest.[engine:junit-jupiter]/[class:mt.org.zalando.catwatch.backend.CatwatchEndpointTest]
DatabasePopulator.java,org.zalando.catwatch.backend.repo.util.DatabasePopulator,org.pitest.mutationtest.engine.gregor.mutators.returns.EmptyObjectReturnValsMutator,language,69,SURVIVED,none
DatabasePopulator.java,org.zalando.catwatch.backend.repo.util.DatabasePopulator,org.pitest.mutationtest.engine.gregor.mutators.MathMutator,nextId,40,SURVIVED,none
DatabasePopulator.java,org.zalando.catwatch.backend.repo.util.DatabasePopulator,org.pitest.mutationtest.engine.gregor.mutators.returns.PrimitiveReturnsMutator,nextId,40,SURVIVED,none
DatabasePopulator.java,org.zalando.catwatch.backend.repo.util.DatabasePopulator,org.pitest.mutationtest.engine.gregor.mutators.ConditionalsBoundaryMutator,populateTestData,122,SURVIVED,none
DatabasePopulator.java,org.zalando.catwatch.backend.repo.util.DatabasePopulator,org.pitest.mutationtest.engine.gregor.mutators.ConditionalsBoundaryMutator,populateTestData,126,SURVIVED,none
DatabasePopulator.java,org.zalando.catwatch.backend.repo.util.DatabasePopulator,org.pitest.mutationtest.engine.gregor.mutators.ConditionalsBoundaryMutator,populateTestData,131,KILLED,mt.org.zalando.catwatch.backend.CatwatchEndpointTest.[engine:junit-jupiter]/[class:mt.org.zalando.catwatch.backend.CatwatchEndpointTest]
DatabasePopulator.java,org.zalando.catwatch.backend.repo.util.DatabasePopulator,org.pitest.mutationtest.engine.gregor.mutators.ConditionalsBoundaryMutator,populateTestData,150,SURVIVED,none
DatabasePopulator.java,org.zalando.catwatch.backend.repo.util.DatabasePopulator,org.pitest.mutationtest.engine.gregor.mutators.NegateConditionalsMutator,populateTestData,99,SURVIVED,none
DatabasePopulator.java,org.zalando.catwatch.backend.repo.util.DatabasePopulator,org.pitest.mutationtest.engine.gregor.mutators.NegateConditionalsMutator,populateTestData,122,SURVIVED,none
DatabasePopulator.java,org.zalando.catwatch.backend.repo.util.DatabasePopulator,org.pitest.mutationtest.engine.gregor.mutators.NegateConditionalsMutator,populateTestData,126,SURVIVED,none
DatabasePopulator.java,org.zalando.catwatch.backend.repo.util.DatabasePopulator,org.pitest.mutationtest.engine.gregor.mutators.NegateConditionalsMutator,populateTestData,131,SURVIVED,none
DatabasePopulator.java,org.zalando.catwatch.backend.repo.util.DatabasePopulator,org.pitest.mutationtest.engine.gregor.mutators.NegateConditionalsMutator,populateTestData,150,SURVIVED,none
DatabasePopulator.java,org.zalando.catwatch.backend.repo.util.DatabasePopulator,org.pitest.mutationtest.engine.gregor.mutators.returns.EmptyObjectReturnValsMutator,projectName,44,SURVIVED,none
DatabasePopulator.java,org.zalando.catwatch.backend.repo.util.DatabasePopulator,org.pitest.mutationtest.engine.gregor.mutators.MathMutator,scoreFor,64,SURVIVED,none
DatabasePopulator.java,org.zalando.catwatch.backend.repo.util.DatabasePopulator,org.pitest.mutationtest.engine.gregor.mutators.MathMutator,scoreFor,64,SURVIVED,none
DatabasePopulator.java,org.zalando.catwatch.backend.repo.util.DatabasePopulator,org.pitest.mutationtest.engine.gregor.mutators.MathMutator,scoreFor,64,SURVIVED,none
DatabasePopulator.java,org.zalando.catwatch.backend.repo.util.DatabasePopulator,org.pitest.mutationtest.engine.gregor.mutators.MathMutator,scoreFor,64,SURVIVED,none
DatabasePopulator.java,org.zalando.catwatch.backend.repo.util.DatabasePopulator,org.pitest.mutationtest.engine.gregor.mutators.MathMutator,scoreFor,64,SURVIVED,none
DatabasePopulator.java,org.zalando.catwatch.backend.repo.util.DatabasePopulator,org.pitest.mutationtest.engine.gregor.mutators.returns.PrimitiveReturnsMutator,scoreFor,64,SURVIVED,none
DatabasePopulator.java,org.zalando.catwatch.backend.repo.util.DatabasePopulator,org.pitest.mutationtest.engine.gregor.mutators.VoidMethodCallMutator,snapshotDateForIndex,79,SURVIVED,none
DatabasePopulator.java,org.zalando.catwatch.backend.repo.util.DatabasePopulator,org.pitest.mutationtest.engine.gregor.mutators.VoidMethodCallMutator,snapshotDateForIndex,80,SURVIVED,none
DatabasePopulator.java,org.zalando.catwatch.backend.repo.util.DatabasePopulator,org.pitest.mutationtest.engine.gregor.mutators.VoidMethodCallMutator,snapshotDateForIndex,81,SURVIVED,none
DatabasePopulator.java,org.zalando.catwatch.backend.repo.util.DatabasePopulator,org.pitest.mutationtest.engine.gregor.mutators.returns.NullReturnValsMutator,snapshotDateForIndex,82,SURVIVED,none
DatabasePopulator.java,org.zalando.catwatch.backend.repo.util.DatabasePopulator,org.pitest.mutationtest.engine.gregor.mutators.MathMutator,starsFor,52,SURVIVED,none
DatabasePopulator.java,org.zalando.catwatch.backend.repo.util.DatabasePopulator,org.pitest.mutationtest.engine.gregor.mutators.MathMutator,starsFor,52,SURVIVED,none
DatabasePopulator.java,org.zalando.catwatch.backend.repo.util.DatabasePopulator,org.pitest.mutationtest.engine.gregor.mutators.MathMutator,starsFor,52,SURVIVED,none
DatabasePopulator.java,org.zalando.catwatch.backend.repo.util.DatabasePopulator,org.pitest.mutationtest.engine.gregor.mutators.MathMutator,starsFor,52,SURVIVED,none
DatabasePopulator.java,org.zalando.catwatch.backend.repo.util.DatabasePopulator,org.pitest.mutationtest.engine.gregor.mutators.MathMutator,starsFor,52,SURVIVED,none
DatabasePopulator.java,org.zalando.catwatch.backend.repo.util.DatabasePopulator,org.pitest.mutationtest.engine.gregor.mutators.returns.PrimitiveReturnsMutator,starsFor,52,SURVIVED,none
ProjectServiceImpl.java,org.zalando.catwatch.backend.service.ProjectServiceImpl,org.pitest.mutationtest.engine.gregor.mutators.returns.EmptyObjectReturnValsMutator,convertProjectsToMap,117,SURVIVED,none
ProjectServiceImpl.java,org.zalando.catwatch.backend.service.ProjectServiceImpl,org.pitest.mutationtest.engine.gregor.mutators.MathMutator,createMergedProject,103,SURVIVED,none
ProjectServiceImpl.java,org.zalando.catwatch.backend.service.ProjectServiceImpl,org.pitest.mutationtest.engine.gregor.mutators.MathMutator,createMergedProject,104,SURVIVED,none
ProjectServiceImpl.java,org.zalando.catwatch.backend.service.ProjectServiceImpl,org.pitest.mutationtest.engine.gregor.mutators.MathMutator,createMergedProject,105,SURVIVED,none
ProjectServiceImpl.java,org.zalando.catwatch.backend.service.ProjectServiceImpl,org.pitest.mutationtest.engine.gregor.mutators.MathMutator,createMergedProject,106,SURVIVED,none
ProjectServiceImpl.java,org.zalando.catwatch.backend.service.ProjectServiceImpl,org.pitest.mutationtest.engine.gregor.mutators.MathMutator,createMergedProject,107,SURVIVED,none
ProjectServiceImpl.java,org.zalando.catwatch.backend.service.ProjectServiceImpl,org.pitest.mutationtest.engine.gregor.mutators.VoidMethodCallMutator,createMergedProject,103,SURVIVED,none
ProjectServiceImpl.java,org.zalando.catwatch.backend.service.ProjectServiceImpl,org.pitest.mutationtest.engine.gregor.mutators.VoidMethodCallMutator,createMergedProject,104,SURVIVED,none
ProjectServiceImpl.java,org.zalando.catwatch.backend.service.ProjectServiceImpl,org.pitest.mutationtest.engine.gregor.mutators.VoidMethodCallMutator,createMergedProject,105,SURVIVED,none
ProjectServiceImpl.java,org.zalando.catwatch.backend.service.ProjectServiceImpl,org.pitest.mutationtest.engine.gregor.mutators.VoidMethodCallMutator,createMergedProject,106,SURVIVED,none
ProjectServiceImpl.java,org.zalando.catwatch.backend.service.ProjectServiceImpl,org.pitest.mutationtest.engine.gregor.mutators.VoidMethodCallMutator,createMergedProject,107,SURVIVED,none
ProjectServiceImpl.java,org.zalando.catwatch.backend.service.ProjectServiceImpl,org.pitest.mutationtest.engine.gregor.mutators.returns.NullReturnValsMutator,createMergedProject,108,KILLED,mt.org.zalando.catwatch.backend.CatwatchEndpointTest.[engine:junit-jupiter]/[class:mt.org.zalando.catwatch.backend.CatwatchEndpointTest]/[test-template:test(es.us.isa.httpmutator.experiment.endpoint.test.model.LogRecord)]/[test-template-invocation:#58]
ProjectServiceImpl.java,org.zalando.catwatch.backend.service.ProjectServiceImpl,org.pitest.mutationtest.engine.gregor.mutators.NegateConditionalsMutator,findProjects,49,KILLED,mt.org.zalando.catwatch.backend.CatwatchEndpointTest.[engine:junit-jupiter]/[class:mt.org.zalando.catwatch.backend.CatwatchEndpointTest]/[test-template:test(es.us.isa.httpmutator.experiment.endpoint.test.model.LogRecord)]/[test-template-invocation:#53]
ProjectServiceImpl.java,org.zalando.catwatch.backend.service.ProjectServiceImpl,org.pitest.mutationtest.engine.gregor.mutators.NegateConditionalsMutator,findProjects,49,KILLED,mt.org.zalando.catwatch.backend.CatwatchEndpointTest.[engine:junit-jupiter]/[class:mt.org.zalando.catwatch.backend.CatwatchEndpointTest]/[test-template:test(es.us.isa.httpmutator.experiment.endpoint.test.model.LogRecord)]/[test-template-invocation:#52]
ProjectServiceImpl.java,org.zalando.catwatch.backend.service.ProjectServiceImpl,org.pitest.mutationtest.engine.gregor.mutators.NegateConditionalsMutator,findProjects,53,KILLED,mt.org.zalando.catwatch.backend.CatwatchEndpointTest.[engine:junit-jupiter]/[class:mt.org.zalando.catwatch.backend.CatwatchEndpointTest]/[test-template:test(es.us.isa.httpmutator.experiment.endpoint.test.model.LogRecord)]/[test-template-invocation:#62]
ProjectServiceImpl.java,org.zalando.catwatch.backend.service.ProjectServiceImpl,org.pitest.mutationtest.engine.gregor.mutators.NegateConditionalsMutator,findProjects,53,SURVIVED,none
ProjectServiceImpl.java,org.zalando.catwatch.backend.service.ProjectServiceImpl,org.pitest.mutationtest.engine.gregor.mutators.NegateConditionalsMutator,findProjects,57,SURVIVED,none
ProjectServiceImpl.java,org.zalando.catwatch.backend.service.ProjectServiceImpl,org.pitest.mutationtest.engine.gregor.mutators.NegateConditionalsMutator,findProjects,57,KILLED,mt.org.zalando.catwatch.backend.CatwatchEndpointTest.[engine:junit-jupiter]/[class:mt.org.zalando.catwatch.backend.CatwatchEndpointTest]/[test-template:test(es.us.isa.httpmutator.experiment.endpoint.test.model.LogRecord)]/[test-template-invocation:#62]
ProjectServiceImpl.java,org.zalando.catwatch.backend.service.ProjectServiceImpl,org.pitest.mutationtest.engine.gregor.mutators.returns.EmptyObjectReturnValsMutator,findProjects,71,SURVIVED,none
ProjectServiceImpl.java,org.zalando.catwatch.backend.service.ProjectServiceImpl,org.pitest.mutationtest.engine.gregor.mutators.NegateConditionalsMutator,getMergedProjectList,81,SURVIVED,none
ProjectServiceImpl.java,org.zalando.catwatch.backend.service.ProjectServiceImpl,org.pitest.mutationtest.engine.gregor.mutators.returns.EmptyObjectReturnValsMutator,getMergedProjectList,88,SURVIVED,none
ProjectServiceImpl.java,org.zalando.catwatch.backend.service.ProjectServiceImpl,org.pitest.mutationtest.engine.gregor.mutators.NegateConditionalsMutator,getOrganizationConfig,136,SURVIVED,none
ProjectServiceImpl.java,org.zalando.catwatch.backend.service.ProjectServiceImpl,org.pitest.mutationtest.engine.gregor.mutators.returns.EmptyObjectReturnValsMutator,getOrganizationConfig,142,SURVIVED,none
ProjectServiceImpl.java,org.zalando.catwatch.backend.service.ProjectServiceImpl,org.pitest.mutationtest.engine.gregor.mutators.NegateConditionalsMutator,getOrganizations,122,KILLED,mt.org.zalando.catwatch.backend.CatwatchEndpointTest.[engine:junit-jupiter]/[class:mt.org.zalando.catwatch.backend.CatwatchEndpointTest]/[test-template:test(es.us.isa.httpmutator.experiment.endpoint.test.model.LogRecord)]/[test-template-invocation:#39]
ProjectServiceImpl.java,org.zalando.catwatch.backend.service.ProjectServiceImpl,org.pitest.mutationtest.engine.gregor.mutators.returns.EmptyObjectReturnValsMutator,getOrganizations,126,SURVIVED,none
ProjectServiceImpl.java,org.zalando.catwatch.backend.service.ProjectServiceImpl,org.pitest.mutationtest.engine.gregor.mutators.NegateConditionalsMutator,getProjectSortComparator,172,KILLED,mt.org.zalando.catwatch.backend.CatwatchEndpointTest.[engine:junit-jupiter]/[class:mt.org.zalando.catwatch.backend.CatwatchEndpointTest]/[test-template:test(es.us.isa.httpmutator.experiment.endpoint.test.model.LogRecord)]/[test-template-invocation:#42]
ProjectServiceImpl.java,org.zalando.catwatch.backend.service.ProjectServiceImpl,org.pitest.mutationtest.engine.gregor.mutators.NegateConditionalsMutator,getProjectSortComparator,174,SURVIVED,none
ProjectServiceImpl.java,org.zalando.catwatch.backend.service.ProjectServiceImpl,org.pitest.mutationtest.engine.gregor.mutators.returns.NullReturnValsMutator,getProjectSortComparator,187,SURVIVED,none
ProjectServiceImpl.java,org.zalando.catwatch.backend.service.ProjectServiceImpl,org.pitest.mutationtest.engine.gregor.mutators.returns.NullReturnValsMutator,getProjectSortComparator,190,KILLED,mt.org.zalando.catwatch.backend.CatwatchEndpointTest.[engine:junit-jupiter]/[class:mt.org.zalando.catwatch.backend.CatwatchEndpointTest]/[test-template:test(es.us.isa.httpmutator.experiment.endpoint.test.model.LogRecord)]/[test-template-invocation:#30]
ProjectServiceImpl.java,org.zalando.catwatch.backend.service.ProjectServiceImpl,org.pitest.mutationtest.engine.gregor.mutators.returns.NullReturnValsMutator,getProjectSortComparator,193,KILLED,mt.org.zalando.catwatch.backend.CatwatchEndpointTest.[engine:junit-jupiter]/[class:mt.org.zalando.catwatch.backend.CatwatchEndpointTest]/[test-template:test(es.us.isa.httpmutator.experiment.endpoint.test.model.LogRecord)]/[test-template-invocation:#50]
ProjectServiceImpl.java,org.zalando.catwatch.backend.service.ProjectServiceImpl,org.pitest.mutationtest.engine.gregor.mutators.returns.NullReturnValsMutator,getProjectSortComparator,196,KILLED,mt.org.zalando.catwatch.backend.CatwatchEndpointTest.[engine:junit-jupiter]/[class:mt.org.zalando.catwatch.backend.CatwatchEndpointTest]/[test-template:test(es.us.isa.httpmutator.experiment.endpoint.test.model.LogRecord)]/[test-template-invocation:#92]
ProjectServiceImpl.java,org.zalando.catwatch.backend.service.ProjectServiceImpl,org.pitest.mutationtest.engine.gregor.mutators.returns.NullReturnValsMutator,getProjectSortComparator,199,KILLED,mt.org.zalando.catwatch.backend.CatwatchEndpointTest.[engine:junit-jupiter]/[class:mt.org.zalando.catwatch.backend.CatwatchEndpointTest]/[test-template:test(es.us.isa.httpmutator.experiment.endpoint.test.model.LogRecord)]/[test-template-invocation:#141]
ProjectServiceImpl.java,org.zalando.catwatch.backend.service.ProjectServiceImpl,org.pitest.mutationtest.engine.gregor.mutators.returns.NullReturnValsMutator,getProjectSortComparator,202,NO_COVERAGE,none
ProjectServiceImpl.java,org.zalando.catwatch.backend.service.ProjectServiceImpl,org.pitest.mutationtest.engine.gregor.mutators.NegateConditionalsMutator,getSortedResultList,93,SURVIVED,none
ProjectServiceImpl.java,org.zalando.catwatch.backend.service.ProjectServiceImpl,org.pitest.mutationtest.engine.gregor.mutators.VoidMethodCallMutator,getSortedResultList,94,SURVIVED,none
ProjectServiceImpl.java,org.zalando.catwatch.backend.service.ProjectServiceImpl,org.pitest.mutationtest.engine.gregor.mutators.VoidMethodCallMutator,getSortedResultList,96,SURVIVED,none
ProjectServiceImpl.java,org.zalando.catwatch.backend.service.ProjectServiceImpl,org.pitest.mutationtest.engine.gregor.mutators.returns.EmptyObjectReturnValsMutator,getSortedResultList,99,SURVIVED,none
ProjectServiceImpl.java,org.zalando.catwatch.backend.service.ProjectServiceImpl,org.pitest.mutationtest.engine.gregor.mutators.NegateConditionalsMutator,isSortOrderAscending,153,KILLED,mt.org.zalando.catwatch.backend.CatwatchEndpointTest.[engine:junit-jupiter]/[class:mt.org.zalando.catwatch.backend.CatwatchEndpointTest]/[test-template:test(es.us.isa.httpmutator.experiment.endpoint.test.model.LogRecord)]/[test-template-invocation:#42]
ProjectServiceImpl.java,org.zalando.catwatch.backend.service.ProjectServiceImpl,org.pitest.mutationtest.engine.gregor.mutators.NegateConditionalsMutator,isSortOrderAscending,155,SURVIVED,none
ProjectServiceImpl.java,org.zalando.catwatch.backend.service.ProjectServiceImpl,org.pitest.mutationtest.engine.gregor.mutators.returns.BooleanTrueReturnValsMutator,isSortOrderAscending,155,SURVIVED,none
ProjectServiceImpl.java,org.zalando.catwatch.backend.service.ProjectServiceImpl,org.pitest.mutationtest.engine.gregor.mutators.returns.BooleanTrueReturnValsMutator,isSortOrderAscending,157,SURVIVED,none
StatisticsBuilder.java,org.zalando.catwatch.backend.repo.builder.StatisticsBuilder,org.pitest.mutationtest.engine.gregor.mutators.VoidMethodCallMutator,<init>,23,SURVIVED,none
StatisticsBuilder.java,org.zalando.catwatch.backend.repo.builder.StatisticsBuilder,org.pitest.mutationtest.engine.gregor.mutators.VoidMethodCallMutator,<init>,24,SURVIVED,none
StatisticsBuilder.java,org.zalando.catwatch.backend.repo.builder.StatisticsBuilder,org.pitest.mutationtest.engine.gregor.mutators.VoidMethodCallMutator,<init>,26,SURVIVED,none
StatisticsBuilder.java,org.zalando.catwatch.backend.repo.builder.StatisticsBuilder,org.pitest.mutationtest.engine.gregor.mutators.VoidMethodCallMutator,<init>,27,SURVIVED,none
StatisticsBuilder.java,org.zalando.catwatch.backend.repo.builder.StatisticsBuilder,org.pitest.mutationtest.engine.gregor.mutators.VoidMethodCallMutator,<init>,29,KILLED,mt.org.zalando.catwatch.backend.CatwatchEndpointTest.[engine:junit-jupiter]/[class:mt.org.zalando.catwatch.backend.CatwatchEndpointTest]
StatisticsBuilder.java,org.zalando.catwatch.backend.repo.builder.StatisticsBuilder,org.pitest.mutationtest.engine.gregor.mutators.VoidMethodCallMutator,<init>,30,SURVIVED,none
StatisticsBuilder.java,org.zalando.catwatch.backend.repo.builder.StatisticsBuilder,org.pitest.mutationtest.engine.gregor.mutators.VoidMethodCallMutator,<init>,31,SURVIVED,none
StatisticsBuilder.java,org.zalando.catwatch.backend.repo.builder.StatisticsBuilder,org.pitest.mutationtest.engine.gregor.mutators.VoidMethodCallMutator,<init>,32,SURVIVED,none
StatisticsBuilder.java,org.zalando.catwatch.backend.repo.builder.StatisticsBuilder,org.pitest.mutationtest.engine.gregor.mutators.VoidMethodCallMutator,<init>,33,SURVIVED,none
StatisticsBuilder.java,org.zalando.catwatch.backend.repo.builder.StatisticsBuilder,org.pitest.mutationtest.engine.gregor.mutators.VoidMethodCallMutator,<init>,35,SURVIVED,none
StatisticsBuilder.java,org.zalando.catwatch.backend.repo.builder.StatisticsBuilder,org.pitest.mutationtest.engine.gregor.mutators.VoidMethodCallMutator,<init>,36,SURVIVED,none
StatisticsBuilder.java,org.zalando.catwatch.backend.repo.builder.StatisticsBuilder,org.pitest.mutationtest.engine.gregor.mutators.VoidMethodCallMutator,<init>,38,SURVIVED,none
StatisticsBuilder.java,org.zalando.catwatch.backend.repo.builder.StatisticsBuilder,org.pitest.mutationtest.engine.gregor.mutators.VoidMethodCallMutator,allForksCount,57,SURVIVED,none
StatisticsBuilder.java,org.zalando.catwatch.backend.repo.builder.StatisticsBuilder,org.pitest.mutationtest.engine.gregor.mutators.returns.NullReturnValsMutator,allForksCount,58,KILLED,mt.org.zalando.catwatch.backend.CatwatchEndpointTest.[engine:junit-jupiter]/[class:mt.org.zalando.catwatch.backend.CatwatchEndpointTest]
StatisticsBuilder.java,org.zalando.catwatch.backend.repo.builder.StatisticsBuilder,org.pitest.mutationtest.engine.gregor.mutators.VoidMethodCallMutator,allStarsCount,52,SURVIVED,none
StatisticsBuilder.java,org.zalando.catwatch.backend.repo.builder.StatisticsBuilder,org.pitest.mutationtest.engine.gregor.mutators.returns.NullReturnValsMutator,allStarsCount,53,KILLED,mt.org.zalando.catwatch.backend.CatwatchEndpointTest.[engine:junit-jupiter]/[class:mt.org.zalando.catwatch.backend.CatwatchEndpointTest]
StatisticsBuilder.java,org.zalando.catwatch.backend.repo.builder.StatisticsBuilder,org.pitest.mutationtest.engine.gregor.mutators.VoidMethodCallMutator,create,114,SURVIVED,none
StatisticsBuilder.java,org.zalando.catwatch.backend.repo.builder.StatisticsBuilder,org.pitest.mutationtest.engine.gregor.mutators.VoidMethodCallMutator,create,115,SURVIVED,none
StatisticsBuilder.java,org.zalando.catwatch.backend.repo.builder.StatisticsBuilder,org.pitest.mutationtest.engine.gregor.mutators.VoidMethodCallMutator,create,117,SURVIVED,none
StatisticsBuilder.java,org.zalando.catwatch.backend.repo.builder.StatisticsBuilder,org.pitest.mutationtest.engine.gregor.mutators.VoidMethodCallMutator,create,118,SURVIVED,none
StatisticsBuilder.java,org.zalando.catwatch.backend.repo.builder.StatisticsBuilder,org.pitest.mutationtest.engine.gregor.mutators.VoidMethodCallMutator,create,120,SURVIVED,none
StatisticsBuilder.java,org.zalando.catwatch.backend.repo.builder.StatisticsBuilder,org.pitest.mutationtest.engine.gregor.mutators.VoidMethodCallMutator,create,121,SURVIVED,none
StatisticsBuilder.java,org.zalando.catwatch.backend.repo.builder.StatisticsBuilder,org.pitest.mutationtest.engine.gregor.mutators.VoidMethodCallMutator,create,122,SURVIVED,none
StatisticsBuilder.java,org.zalando.catwatch.backend.repo.builder.StatisticsBuilder,org.pitest.mutationtest.engine.gregor.mutators.VoidMethodCallMutator,create,123,SURVIVED,none
StatisticsBuilder.java,org.zalando.catwatch.backend.repo.builder.StatisticsBuilder,org.pitest.mutationtest.engine.gregor.mutators.VoidMethodCallMutator,create,124,SURVIVED,none
StatisticsBuilder.java,org.zalando.catwatch.backend.repo.builder.StatisticsBuilder,org.pitest.mutationtest.engine.gregor.mutators.VoidMethodCallMutator,create,126,SURVIVED,none
StatisticsBuilder.java,org.zalando.catwatch.backend.repo.builder.StatisticsBuilder,org.pitest.mutationtest.engine.gregor.mutators.VoidMethodCallMutator,create,127,SURVIVED,none
StatisticsBuilder.java,org.zalando.catwatch.backend.repo.builder.StatisticsBuilder,org.pitest.mutationtest.engine.gregor.mutators.VoidMethodCallMutator,create,129,SURVIVED,none
StatisticsBuilder.java,org.zalando.catwatch.backend.repo.builder.StatisticsBuilder,org.pitest.mutationtest.engine.gregor.mutators.returns.NullReturnValsMutator,create,131,KILLED,mt.org.zalando.catwatch.backend.CatwatchEndpointTest.[engine:junit-jupiter]/[class:mt.org.zalando.catwatch.backend.CatwatchEndpointTest]
StatisticsBuilder.java,org.zalando.catwatch.backend.repo.builder.StatisticsBuilder,org.pitest.mutationtest.engine.gregor.mutators.VoidMethodCallMutator,days,107,SURVIVED,none
StatisticsBuilder.java,org.zalando.catwatch.backend.repo.builder.StatisticsBuilder,org.pitest.mutationtest.engine.gregor.mutators.returns.NullReturnValsMutator,days,108,KILLED,mt.org.zalando.catwatch.backend.CatwatchEndpointTest.[engine:junit-jupiter]/[class:mt.org.zalando.catwatch.backend.CatwatchEndpointTest]
StatisticsBuilder.java,org.zalando.catwatch.backend.repo.builder.StatisticsBuilder,org.pitest.mutationtest.engine.gregor.mutators.VoidMethodCallMutator,organizationName,42,SURVIVED,none
StatisticsBuilder.java,org.zalando.catwatch.backend.repo.builder.StatisticsBuilder,org.pitest.mutationtest.engine.gregor.mutators.returns.NullReturnValsMutator,organizationName,43,KILLED,mt.org.zalando.catwatch.backend.CatwatchEndpointTest.[engine:junit-jupiter]/[class:mt.org.zalando.catwatch.backend.CatwatchEndpointTest]
StatisticsBuilder.java,org.zalando.catwatch.backend.repo.builder.StatisticsBuilder,org.pitest.mutationtest.engine.gregor.mutators.VoidMethodCallMutator,publicProjectCount,47,SURVIVED,none
StatisticsBuilder.java,org.zalando.catwatch.backend.repo.builder.StatisticsBuilder,org.pitest.mutationtest.engine.gregor.mutators.returns.NullReturnValsMutator,publicProjectCount,48,KILLED,mt.org.zalando.catwatch.backend.CatwatchEndpointTest.[engine:junit-jupiter]/[class:mt.org.zalando.catwatch.backend.CatwatchEndpointTest]
StatisticsBuilder.java,org.zalando.catwatch.backend.repo.builder.StatisticsBuilder,org.pitest.mutationtest.engine.gregor.mutators.returns.NullReturnValsMutator,save,135,SURVIVED,none
StatisticsBuilder.java,org.zalando.catwatch.backend.repo.builder.StatisticsBuilder,org.pitest.mutationtest.engine.gregor.mutators.VoidMethodCallMutator,snapshotDate,102,NO_COVERAGE,none
StatisticsBuilder.java,org.zalando.catwatch.backend.repo.builder.StatisticsBuilder,org.pitest.mutationtest.engine.gregor.mutators.returns.NullReturnValsMutator,snapshotDate,103,NO_COVERAGE,none
ContributorBuilder.java,org.zalando.catwatch.backend.repo.builder.ContributorBuilder,org.pitest.mutationtest.engine.gregor.mutators.MathMutator,<init>,32,SURVIVED,none
ContributorBuilder.java,org.zalando.catwatch.backend.repo.builder.ContributorBuilder,org.pitest.mutationtest.engine.gregor.mutators.MathMutator,<init>,33,SURVIVED,none
ContributorBuilder.java,org.zalando.catwatch.backend.repo.builder.ContributorBuilder,org.pitest.mutationtest.engine.gregor.mutators.VoidMethodCallMutator,<init>,29,SURVIVED,none
ContributorBuilder.java,org.zalando.catwatch.backend.repo.builder.ContributorBuilder,org.pitest.mutationtest.engine.gregor.mutators.VoidMethodCallMutator,<init>,30,SURVIVED,none
ContributorBuilder.java,org.zalando.catwatch.backend.repo.builder.ContributorBuilder,org.pitest.mutationtest.engine.gregor.mutators.VoidMethodCallMutator,<init>,31,SURVIVED,none
ContributorBuilder.java,org.zalando.catwatch.backend.repo.builder.ContributorBuilder,org.pitest.mutationtest.engine.gregor.mutators.VoidMethodCallMutator,<init>,32,SURVIVED,none
ContributorBuilder.java,org.zalando.catwatch.backend.repo.builder.ContributorBuilder,org.pitest.mutationtest.engine.gregor.mutators.VoidMethodCallMutator,<init>,33,SURVIVED,none
ContributorBuilder.java,org.zalando.catwatch.backend.repo.builder.ContributorBuilder,org.pitest.mutationtest.engine.gregor.mutators.VoidMethodCallMutator,<init>,34,SURVIVED,none
ContributorBuilder.java,org.zalando.catwatch.backend.repo.builder.ContributorBuilder,org.pitest.mutationtest.engine.gregor.mutators.VoidMethodCallMutator,<init>,35,SURVIVED,none
ContributorBuilder.java,org.zalando.catwatch.backend.repo.builder.ContributorBuilder,org.pitest.mutationtest.engine.gregor.mutators.VoidMethodCallMutator,create,96,SURVIVED,none
ContributorBuilder.java,org.zalando.catwatch.backend.repo.builder.ContributorBuilder,org.pitest.mutationtest.engine.gregor.mutators.VoidMethodCallMutator,create,97,SURVIVED,none
ContributorBuilder.java,org.zalando.catwatch.backend.repo.builder.ContributorBuilder,org.pitest.mutationtest.engine.gregor.mutators.VoidMethodCallMutator,create,98,SURVIVED,none
ContributorBuilder.java,org.zalando.catwatch.backend.repo.builder.ContributorBuilder,org.pitest.mutationtest.engine.gregor.mutators.VoidMethodCallMutator,create,99,SURVIVED,none
ContributorBuilder.java,org.zalando.catwatch.backend.repo.builder.ContributorBuilder,org.pitest.mutationtest.engine.gregor.mutators.VoidMethodCallMutator,create,100,SURVIVED,none
ContributorBuilder.java,org.zalando.catwatch.backend.repo.builder.ContributorBuilder,org.pitest.mutationtest.engine.gregor.mutators.VoidMethodCallMutator,create,101,SURVIVED,none
ContributorBuilder.java,org.zalando.catwatch.backend.repo.builder.ContributorBuilder,org.pitest.mutationtest.engine.gregor.mutators.VoidMethodCallMutator,create,102,SURVIVED,none
ContributorBuilder.java,org.zalando.catwatch.backend.repo.builder.ContributorBuilder,org.pitest.mutationtest.engine.gregor.mutators.returns.NullReturnValsMutator,create,103,KILLED,mt.org.zalando.catwatch.backend.CatwatchEndpointTest.[engine:junit-jupiter]/[class:mt.org.zalando.catwatch.backend.CatwatchEndpointTest]
ContributorBuilder.java,org.zalando.catwatch.backend.repo.builder.ContributorBuilder,org.pitest.mutationtest.engine.gregor.mutators.VoidMethodCallMutator,days,54,NO_COVERAGE,none
ContributorBuilder.java,org.zalando.catwatch.backend.repo.builder.ContributorBuilder,org.pitest.mutationtest.engine.gregor.mutators.returns.NullReturnValsMutator,days,55,NO_COVERAGE,none
ContributorBuilder.java,org.zalando.catwatch.backend.repo.builder.ContributorBuilder,org.pitest.mutationtest.engine.gregor.mutators.VoidMethodCallMutator,name,49,NO_COVERAGE,none
ContributorBuilder.java,org.zalando.catwatch.backend.repo.builder.ContributorBuilder,org.pitest.mutationtest.engine.gregor.mutators.returns.NullReturnValsMutator,name,50,NO_COVERAGE,none
ContributorBuilder.java,org.zalando.catwatch.backend.repo.builder.ContributorBuilder,org.pitest.mutationtest.engine.gregor.mutators.VoidMethodCallMutator,organizationName,59,SURVIVED,none
ContributorBuilder.java,org.zalando.catwatch.backend.repo.builder.ContributorBuilder,org.pitest.mutationtest.engine.gregor.mutators.returns.NullReturnValsMutator,organizationName,60,KILLED,mt.org.zalando.catwatch.backend.CatwatchEndpointTest.[engine:junit-jupiter]/[class:mt.org.zalando.catwatch.backend.CatwatchEndpointTest]
ContributorBuilder.java,org.zalando.catwatch.backend.repo.builder.ContributorBuilder,org.pitest.mutationtest.engine.gregor.mutators.returns.NullReturnValsMutator,save,107,SURVIVED,none
ContributorBuilder.java,org.zalando.catwatch.backend.repo.builder.ContributorBuilder,org.pitest.mutationtest.engine.gregor.mutators.VoidMethodCallMutator,snapshotDate,89,NO_COVERAGE,none
ContributorBuilder.java,org.zalando.catwatch.backend.repo.builder.ContributorBuilder,org.pitest.mutationtest.engine.gregor.mutators.returns.NullReturnValsMutator,snapshotDate,90,NO_COVERAGE,none
Project.java,org.zalando.catwatch.backend.model.Project,org.pitest.mutationtest.engine.gregor.mutators.returns.EmptyObjectReturnValsMutator,getCommitsCount,198,SURVIVED,none
Project.java,org.zalando.catwatch.backend.model.Project,org.pitest.mutationtest.engine.gregor.mutators.returns.EmptyObjectReturnValsMutator,getContributorsCount,216,SURVIVED,none
Project.java,org.zalando.catwatch.backend.model.Project,org.pitest.mutationtest.engine.gregor.mutators.returns.EmptyObjectReturnValsMutator,getDescription,180,SURVIVED,none
Project.java,org.zalando.catwatch.backend.model.Project,org.pitest.mutationtest.engine.gregor.mutators.returns.EmptyObjectReturnValsMutator,getExternalContributorsCount,224,SURVIVED,none
Project.java,org.zalando.catwatch.backend.model.Project,org.pitest.mutationtest.engine.gregor.mutators.returns.EmptyObjectReturnValsMutator,getForksCount,207,SURVIVED,none
Project.java,org.zalando.catwatch.backend.model.Project,org.pitest.mutationtest.engine.gregor.mutators.returns.PrimitiveReturnsMutator,getGitHubProjectId,117,SURVIVED,none
Project.java,org.zalando.catwatch.backend.model.Project,org.pitest.mutationtest.engine.gregor.mutators.returns.PrimitiveReturnsMutator,getId,97,SURVIVED,none
Project.java,org.zalando.catwatch.backend.model.Project,org.pitest.mutationtest.engine.gregor.mutators.returns.EmptyObjectReturnValsMutator,getImage,153,SURVIVED,none
Project.java,org.zalando.catwatch.backend.model.Project,org.pitest.mutationtest.engine.gregor.mutators.returns.EmptyObjectReturnValsMutator,getLanguageList,106,SURVIVED,none
Project.java,org.zalando.catwatch.backend.model.Project,org.pitest.mutationtest.engine.gregor.mutators.returns.EmptyObjectReturnValsMutator,getLastPushed,241,SURVIVED,none
Project.java,org.zalando.catwatch.backend.model.Project,org.pitest.mutationtest.engine.gregor.mutators.returns.EmptyObjectReturnValsMutator,getMaintainers,259,SURVIVED,none
Project.java,org.zalando.catwatch.backend.model.Project,org.pitest.mutationtest.engine.gregor.mutators.returns.EmptyObjectReturnValsMutator,getName,135,SURVIVED,none
Project.java,org.zalando.catwatch.backend.model.Project,org.pitest.mutationtest.engine.gregor.mutators.returns.EmptyObjectReturnValsMutator,getOrganizationName,162,SURVIVED,none
Project.java,org.zalando.catwatch.backend.model.Project,org.pitest.mutationtest.engine.gregor.mutators.returns.EmptyObjectReturnValsMutator,getPrimaryLanguage,250,SURVIVED,none
Project.java,org.zalando.catwatch.backend.model.Project,org.pitest.mutationtest.engine.gregor.mutators.returns.EmptyObjectReturnValsMutator,getScore,232,SURVIVED,none
Project.java,org.zalando.catwatch.backend.model.Project,org.pitest.mutationtest.engine.gregor.mutators.returns.NullReturnValsMutator,getSnapshotDate,126,SURVIVED,none
Project.java,org.zalando.catwatch.backend.model.Project,org.pitest.mutationtest.engine.gregor.mutators.returns.EmptyObjectReturnValsMutator,getStarsCount,189,SURVIVED,none
Project.java,org.zalando.catwatch.backend.model.Project,org.pitest.mutationtest.engine.gregor.mutators.returns.EmptyObjectReturnValsMutator,getTitle,144,SURVIVED,none
Project.java,org.zalando.catwatch.backend.model.Project,org.pitest.mutationtest.engine.gregor.mutators.returns.EmptyObjectReturnValsMutator,getUrl,171,SURVIVED,none
Statistics.java,org.zalando.catwatch.backend.model.Statistics,org.pitest.mutationtest.engine.gregor.mutators.returns.EmptyObjectReturnValsMutator,getAllContributorsCount,109,SURVIVED,none
Statistics.java,org.zalando.catwatch.backend.model.Statistics,org.pitest.mutationtest.engine.gregor.mutators.returns.EmptyObjectReturnValsMutator,getAllForksCount,145,SURVIVED,none
Statistics.java,org.zalando.catwatch.backend.model.Statistics,org.pitest.mutationtest.engine.gregor.mutators.returns.EmptyObjectReturnValsMutator,getAllSizeCount,158,SURVIVED,none
Statistics.java,org.zalando.catwatch.backend.model.Statistics,org.pitest.mutationtest.engine.gregor.mutators.returns.EmptyObjectReturnValsMutator,getAllStarsCount,132,SURVIVED,none
Statistics.java,org.zalando.catwatch.backend.model.Statistics,org.pitest.mutationtest.engine.gregor.mutators.returns.EmptyObjectReturnValsMutator,getExternalContributorsCount,119,SURVIVED,none
Statistics.java,org.zalando.catwatch.backend.model.Statistics,org.pitest.mutationtest.engine.gregor.mutators.NegateConditionalsMutator,getId,48,SURVIVED,none
Statistics.java,org.zalando.catwatch.backend.model.Statistics,org.pitest.mutationtest.engine.gregor.mutators.returns.PrimitiveReturnsMutator,getId,48,SURVIVED,none
Statistics.java,org.zalando.catwatch.backend.model.Statistics,org.pitest.mutationtest.engine.gregor.mutators.returns.NullReturnValsMutator,getKey,42,KILLED,mt.org.zalando.catwatch.backend.CatwatchEndpointTest.[engine:junit-jupiter]/[class:mt.org.zalando.catwatch.backend.CatwatchEndpointTest]
Statistics.java,org.zalando.catwatch.backend.model.Statistics,org.pitest.mutationtest.engine.gregor.mutators.returns.EmptyObjectReturnValsMutator,getMembersCount,83,SURVIVED,none
Statistics.java,org.zalando.catwatch.backend.model.Statistics,org.pitest.mutationtest.engine.gregor.mutators.returns.EmptyObjectReturnValsMutator,getOrganizationName,198,SURVIVED,none
Statistics.java,org.zalando.catwatch.backend.model.Statistics,org.pitest.mutationtest.engine.gregor.mutators.returns.EmptyObjectReturnValsMutator,getPrivateProjectCount,57,SURVIVED,none
Statistics.java,org.zalando.catwatch.backend.model.Statistics,org.pitest.mutationtest.engine.gregor.mutators.returns.EmptyObjectReturnValsMutator,getProgramLanguagesCount,171,SURVIVED,none
Statistics.java,org.zalando.catwatch.backend.model.Statistics,org.pitest.mutationtest.engine.gregor.mutators.returns.EmptyObjectReturnValsMutator,getPublicProjectCount,70,SURVIVED,none
Statistics.java,org.zalando.catwatch.backend.model.Statistics,org.pitest.mutationtest.engine.gregor.mutators.NegateConditionalsMutator,getSnapshotDate,210,KILLED,mt.org.zalando.catwatch.backend.CatwatchEndpointTest.[engine:junit-jupiter]/[class:mt.org.zalando.catwatch.backend.CatwatchEndpointTest]
Statistics.java,org.zalando.catwatch.backend.model.Statistics,org.pitest.mutationtest.engine.gregor.mutators.returns.NullReturnValsMutator,getSnapshotDate,210,KILLED,mt.org.zalando.catwatch.backend.CatwatchEndpointTest.[engine:junit-jupiter]/[class:mt.org.zalando.catwatch.backend.CatwatchEndpointTest]
Statistics.java,org.zalando.catwatch.backend.model.Statistics,org.pitest.mutationtest.engine.gregor.mutators.returns.EmptyObjectReturnValsMutator,getTagsCount,184,SURVIVED,none
Statistics.java,org.zalando.catwatch.backend.model.Statistics,org.pitest.mutationtest.engine.gregor.mutators.returns.EmptyObjectReturnValsMutator,getTeamsCount,96,SURVIVED,none
Contributor.java,org.zalando.catwatch.backend.model.Contributor,org.pitest.mutationtest.engine.gregor.mutators.NegateConditionalsMutator,getId,47,SURVIVED,none
Contributor.java,org.zalando.catwatch.backend.model.Contributor,org.pitest.mutationtest.engine.gregor.mutators.returns.PrimitiveReturnsMutator,getId,47,SURVIVED,none
Contributor.java,org.zalando.catwatch.backend.model.Contributor,org.pitest.mutationtest.engine.gregor.mutators.returns.NullReturnValsMutator,getKey,41,SURVIVED,none
Contributor.java,org.zalando.catwatch.backend.model.Contributor,org.pitest.mutationtest.engine.gregor.mutators.returns.EmptyObjectReturnValsMutator,getName,61,SURVIVED,none
Contributor.java,org.zalando.catwatch.backend.model.Contributor,org.pitest.mutationtest.engine.gregor.mutators.NegateConditionalsMutator,getOrganizationId,53,SURVIVED,none
Contributor.java,org.zalando.catwatch.backend.model.Contributor,org.pitest.mutationtest.engine.gregor.mutators.returns.PrimitiveReturnsMutator,getOrganizationId,53,SURVIVED,none
Contributor.java,org.zalando.catwatch.backend.model.Contributor,org.pitest.mutationtest.engine.gregor.mutators.returns.EmptyObjectReturnValsMutator,getOrganizationName,139,SURVIVED,none
Contributor.java,org.zalando.catwatch.backend.model.Contributor,org.pitest.mutationtest.engine.gregor.mutators.returns.EmptyObjectReturnValsMutator,getOrganizationalCommitsCount,87,SURVIVED,none
Contributor.java,org.zalando.catwatch.backend.model.Contributor,org.pitest.mutationtest.engine.gregor.mutators.returns.EmptyObjectReturnValsMutator,getOrganizationalProjectsCount,126,SURVIVED,none
Contributor.java,org.zalando.catwatch.backend.model.Contributor,org.pitest.mutationtest.engine.gregor.mutators.returns.EmptyObjectReturnValsMutator,getPersonalCommitsCount,100,SURVIVED,none
Contributor.java,org.zalando.catwatch.backend.model.Contributor,org.pitest.mutationtest.engine.gregor.mutators.returns.EmptyObjectReturnValsMutator,getPersonalProjectsCount,113,SURVIVED,none
Contributor.java,org.zalando.catwatch.backend.model.Contributor,org.pitest.mutationtest.engine.gregor.mutators.NegateConditionalsMutator,getSnapshotDate,152,KILLED,mt.org.zalando.catwatch.backend.CatwatchEndpointTest.[engine:junit-jupiter]/[class:mt.org.zalando.catwatch.backend.CatwatchEndpointTest]
Contributor.java,org.zalando.catwatch.backend.model.Contributor,org.pitest.mutationtest.engine.gregor.mutators.returns.NullReturnValsMutator,getSnapshotDate,152,KILLED,mt.org.zalando.catwatch.backend.CatwatchEndpointTest.[engine:junit-jupiter]/[class:mt.org.zalando.catwatch.backend.CatwatchEndpointTest]
Contributor.java,org.zalando.catwatch.backend.model.Contributor,org.pitest.mutationtest.engine.gregor.mutators.returns.EmptyObjectReturnValsMutator,getUrl,74,SURVIVED,none
ProjectRepositoryImpl.java,org.zalando.catwatch.backend.repo.ProjectRepositoryImpl,org.pitest.mutationtest.engine.gregor.mutators.NegateConditionalsMutator,findProjects,50,KILLED,mt.org.zalando.catwatch.backend.CatwatchEndpointTest.[engine:junit-jupiter]/[class:mt.org.zalando.catwatch.backend.CatwatchEndpointTest]/[test-template:test(es.us.isa.httpmutator.experiment.endpoint.test.model.LogRecord)]/[test-template-invocation:#39]
ProjectRepositoryImpl.java,org.zalando.catwatch.backend.repo.ProjectRepositoryImpl,org.pitest.mutationtest.engine.gregor.mutators.NegateConditionalsMutator,findProjects,55,KILLED,mt.org.zalando.catwatch.backend.CatwatchEndpointTest.[engine:junit-jupiter]/[class:mt.org.zalando.catwatch.backend.CatwatchEndpointTest]/[test-template:test(es.us.isa.httpmutator.experiment.endpoint.test.model.LogRecord)]/[test-template-invocation:#52]
ProjectRepositoryImpl.java,org.zalando.catwatch.backend.repo.ProjectRepositoryImpl,org.pitest.mutationtest.engine.gregor.mutators.NegateConditionalsMutator,findProjects,59,KILLED,mt.org.zalando.catwatch.backend.CatwatchEndpointTest.[engine:junit-jupiter]/[class:mt.org.zalando.catwatch.backend.CatwatchEndpointTest]/[test-template:test(es.us.isa.httpmutator.experiment.endpoint.test.model.LogRecord)]/[test-template-invocation:#141]
ProjectRepositoryImpl.java,org.zalando.catwatch.backend.repo.ProjectRepositoryImpl,org.pitest.mutationtest.engine.gregor.mutators.returns.EmptyObjectReturnValsMutator,findProjects,63,SURVIVED,none
ProjectRepositoryImpl.java,org.zalando.catwatch.backend.repo.ProjectRepositoryImpl,org.pitest.mutationtest.engine.gregor.mutators.NegateConditionalsMutator,findProjects,34,KILLED,mt.org.zalando.catwatch.backend.CatwatchEndpointTest.[engine:junit-jupiter]/[class:mt.org.zalando.catwatch.backend.CatwatchEndpointTest]/[test-template:test(es.us.isa.httpmutator.experiment.endpoint.test.model.LogRecord)]/[test-template-invocation:#52]
ProjectRepositoryImpl.java,org.zalando.catwatch.backend.repo.ProjectRepositoryImpl,org.pitest.mutationtest.engine.gregor.mutators.NegateConditionalsMutator,findProjects,38,KILLED,mt.org.zalando.catwatch.backend.CatwatchEndpointTest.[engine:junit-jupiter]/[class:mt.org.zalando.catwatch.backend.CatwatchEndpointTest]/[test-template:test(es.us.isa.httpmutator.experiment.endpoint.test.model.LogRecord)]/[test-template-invocation:#141]
ProjectRepositoryImpl.java,org.zalando.catwatch.backend.repo.ProjectRepositoryImpl,org.pitest.mutationtest.engine.gregor.mutators.returns.EmptyObjectReturnValsMutator,findProjects,42,SURVIVED,none
ProjectRepositoryImpl.java,org.zalando.catwatch.backend.repo.ProjectRepositoryImpl,org.pitest.mutationtest.engine.gregor.mutators.returns.EmptyObjectReturnValsMutator,getSnapshotDateMatch,73,SURVIVED,none
ProjectRepositoryImpl.java,org.zalando.catwatch.backend.repo.ProjectRepositoryImpl,org.pitest.mutationtest.engine.gregor.mutators.returns.NullReturnValsMutator,queryProject,87,KILLED,mt.org.zalando.catwatch.backend.CatwatchEndpointTest.[engine:junit-jupiter]/[class:mt.org.zalando.catwatch.backend.CatwatchEndpointTest]/[test-template:test(es.us.isa.httpmutator.experiment.endpoint.test.model.LogRecord)]/[test-template-invocation:#53]
MailConfiguration.java,org.zalando.catwatch.backend.mail.MailConfiguration,org.pitest.mutationtest.engine.gregor.mutators.VoidMethodCallMutator,javaMailSender,38,SURVIVED,none
MailConfiguration.java,org.zalando.catwatch.backend.mail.MailConfiguration,org.pitest.mutationtest.engine.gregor.mutators.VoidMethodCallMutator,javaMailSender,39,SURVIVED,none
MailConfiguration.java,org.zalando.catwatch.backend.mail.MailConfiguration,org.pitest.mutationtest.engine.gregor.mutators.VoidMethodCallMutator,javaMailSender,40,SURVIVED,none
MailConfiguration.java,org.zalando.catwatch.backend.mail.MailConfiguration,org.pitest.mutationtest.engine.gregor.mutators.VoidMethodCallMutator,javaMailSender,41,SURVIVED,none
MailConfiguration.java,org.zalando.catwatch.backend.mail.MailConfiguration,org.pitest.mutationtest.engine.gregor.mutators.VoidMethodCallMutator,javaMailSender,42,SURVIVED,none
MailConfiguration.java,org.zalando.catwatch.backend.mail.MailConfiguration,org.pitest.mutationtest.engine.gregor.mutators.VoidMethodCallMutator,javaMailSender,43,SURVIVED,none
MailConfiguration.java,org.zalando.catwatch.backend.mail.MailConfiguration,org.pitest.mutationtest.engine.gregor.mutators.returns.NullReturnValsMutator,javaMailSender,44,SURVIVED,none
BuilderUtil.java,org.zalando.catwatch.backend.repo.builder.BuilderUtil,org.pitest.mutationtest.engine.gregor.mutators.returns.PrimitiveReturnsMutator,freshId,64,SURVIVED,none
BuilderUtil.java,org.zalando.catwatch.backend.repo.builder.BuilderUtil,org.pitest.mutationtest.engine.gregor.mutators.MathMutator,random,23,SURVIVED,none
BuilderUtil.java,org.zalando.catwatch.backend.repo.builder.BuilderUtil,org.pitest.mutationtest.engine.gregor.mutators.MathMutator,random,23,SURVIVED,none
BuilderUtil.java,org.zalando.catwatch.backend.repo.builder.BuilderUtil,org.pitest.mutationtest.engine.gregor.mutators.MathMutator,random,23,SURVIVED,none
BuilderUtil.java,org.zalando.catwatch.backend.repo.builder.BuilderUtil,org.pitest.mutationtest.engine.gregor.mutators.MathMutator,random,23,SURVIVED,none
BuilderUtil.java,org.zalando.catwatch.backend.repo.builder.BuilderUtil,org.pitest.mutationtest.engine.gregor.mutators.returns.PrimitiveReturnsMutator,random,23,SURVIVED,none
BuilderUtil.java,org.zalando.catwatch.backend.repo.builder.BuilderUtil,org.pitest.mutationtest.engine.gregor.mutators.returns.NullReturnValsMutator,randomDate,27,KILLED,mt.org.zalando.catwatch.backend.CatwatchEndpointTest.[engine:junit-jupiter]/[class:mt.org.zalando.catwatch.backend.CatwatchEndpointTest]
SnapshotProvider.java,org.zalando.catwatch.backend.github.SnapshotProvider,org.pitest.mutationtest.engine.gregor.mutators.NegateConditionalsMutator,getCacheDirectory,106,SURVIVED,none
SnapshotProvider.java,org.zalando.catwatch.backend.github.SnapshotProvider,org.pitest.mutationtest.engine.gregor.mutators.NegateConditionalsMutator,getCacheDirectory,107,SURVIVED,none
SnapshotProvider.java,org.zalando.catwatch.backend.github.SnapshotProvider,org.pitest.mutationtest.engine.gregor.mutators.returns.EmptyObjectReturnValsMutator,getCacheDirectory,109,SURVIVED,none
SnapshotProvider.java,org.zalando.catwatch.backend.github.SnapshotProvider,org.pitest.mutationtest.engine.gregor.mutators.returns.EmptyObjectReturnValsMutator,getCacheDirectory,119,NO_COVERAGE,none
SnapshotProvider.java,org.zalando.catwatch.backend.github.SnapshotProvider,org.pitest.mutationtest.engine.gregor.mutators.MathMutator,init,78,KILLED,mt.org.zalando.catwatch.backend.CatwatchEndpointTest.[engine:junit-jupiter]/[class:mt.org.zalando.catwatch.backend.CatwatchEndpointTest]
SnapshotProvider.java,org.zalando.catwatch.backend.github.SnapshotProvider,org.pitest.mutationtest.engine.gregor.mutators.NegateConditionalsMutator,init,77,SURVIVED,none
CorsFilter.java,org.zalando.catwatch.backend.web.config.CorsFilter,org.pitest.mutationtest.engine.gregor.mutators.VoidMethodCallMutator,doFilter,20,SURVIVED,none
CorsFilter.java,org.zalando.catwatch.backend.web.config.CorsFilter,org.pitest.mutationtest.engine.gregor.mutators.VoidMethodCallMutator,doFilter,21,SURVIVED,none
CorsFilter.java,org.zalando.catwatch.backend.web.config.CorsFilter,org.pitest.mutationtest.engine.gregor.mutators.VoidMethodCallMutator,doFilter,22,SURVIVED,none
CorsFilter.java,org.zalando.catwatch.backend.web.config.CorsFilter,org.pitest.mutationtest.engine.gregor.mutators.VoidMethodCallMutator,doFilter,23,SURVIVED,none
CorsFilter.java,org.zalando.catwatch.backend.web.config.CorsFilter,org.pitest.mutationtest.engine.gregor.mutators.VoidMethodCallMutator,doFilter,24,KILLED,mt.org.zalando.catwatch.backend.CatwatchEndpointTest.[engine:junit-jupiter]/[class:mt.org.zalando.catwatch.backend.CatwatchEndpointTest]/[test-template:test(es.us.isa.httpmutator.experiment.endpoint.test.model.LogRecord)]/[test-template-invocation:#155]
DatabasePing.java,org.zalando.catwatch.backend.repo.util.DatabasePing,org.pitest.mutationtest.engine.gregor.mutators.NegateConditionalsMutator,isDatabaseAvailable,15,SURVIVED,none
DatabasePing.java,org.zalando.catwatch.backend.repo.util.DatabasePing,org.pitest.mutationtest.engine.gregor.mutators.VoidMethodCallMutator,isDatabaseAvailable,19,SURVIVED,none
DatabasePing.java,org.zalando.catwatch.backend.repo.util.DatabasePing,org.pitest.mutationtest.engine.gregor.mutators.returns.BooleanFalseReturnValsMutator,isDatabaseAvailable,28,SURVIVED,none
DatabasePing.java,org.zalando.catwatch.backend.repo.util.DatabasePing,org.pitest.mutationtest.engine.gregor.mutators.returns.BooleanTrueReturnValsMutator,isDatabaseAvailable,28,SURVIVED,none
ContributorKey.java,org.zalando.catwatch.backend.model.ContributorKey,org.pitest.mutationtest.engine.gregor.mutators.returns.PrimitiveReturnsMutator,getId,37,SURVIVED,none
ContributorKey.java,org.zalando.catwatch.backend.model.ContributorKey,org.pitest.mutationtest.engine.gregor.mutators.returns.PrimitiveReturnsMutator,getOrganizationId,48,SURVIVED,none
ContributorKey.java,org.zalando.catwatch.backend.model.ContributorKey,org.pitest.mutationtest.engine.gregor.mutators.returns.NullReturnValsMutator,getSnapshotDate,59,KILLED,mt.org.zalando.catwatch.backend.CatwatchEndpointTest.[engine:junit-jupiter]/[class:mt.org.zalando.catwatch.backend.CatwatchEndpointTest]
StatisticsKey.java,org.zalando.catwatch.backend.model.StatisticsKey,org.pitest.mutationtest.engine.gregor.mutators.returns.PrimitiveReturnsMutator,getId,36,SURVIVED,none
StatisticsKey.java,org.zalando.catwatch.backend.model.StatisticsKey,org.pitest.mutationtest.engine.gregor.mutators.returns.NullReturnValsMutator,getSnapshotDate,47,KILLED,mt.org.zalando.catwatch.backend.CatwatchEndpointTest.[engine:junit-jupiter]/[class:mt.org.zalando.catwatch.backend.CatwatchEndpointTest]
OptionalFlywayMigrationInitializer.java,org.zalando.catwatch.backend.postgres.OptionalFlywayMigrationInitializer,org.pitest.mutationtest.engine.gregor.mutators.NegateConditionalsMutator,afterPropertiesSet,22,SURVIVED,none
OptionalFlywayMigrationInitializer.java,org.zalando.catwatch.backend.postgres.OptionalFlywayMigrationInitializer,org.pitest.mutationtest.engine.gregor.mutators.VoidMethodCallMutator,afterPropertiesSet,23,SURVIVED,none
OAuthConfiguration.java,org.zalando.catwatch.backend.security.OAuthConfiguration,org.pitest.mutationtest.engine.gregor.mutators.returns.NullReturnValsMutator,customResourceTokenServices,45,SURVIVED,none
FlywayConfiguration.java,org.zalando.catwatch.backend.postgres.FlywayConfiguration,org.pitest.mutationtest.engine.gregor.mutators.returns.NullReturnValsMutator,flywayInitializer,18,SURVIVED,none
CatWatchBackendApplication.java,org.zalando.catwatch.backend.CatWatchBackendApplication,org.pitest.mutationtest.engine.gregor.mutators.returns.NullReturnValsMutator,docketApi,35,SURVIVED,none
JsonDateSerializer.java,org.zalando.catwatch.backend.model.util.JsonDateSerializer,org.pitest.mutationtest.engine.gregor.mutators.VoidMethodCallMutator,serialize,19,KILLED,mt.org.zalando.catwatch.backend.CatwatchEndpointTest.[engine:junit-jupiter]/[class:mt.org.zalando.catwatch.backend.CatwatchEndpointTest]/[test-template:test(es.us.isa.httpmutator.experiment.endpoint.test.model.LogRecord)]/[test-template-invocation:#9]
ProjectsApi.java,org.zalando.catwatch.backend.web.ProjectsApi,org.pitest.mutationtest.engine.gregor.mutators.returns.NullReturnValsMutator,projectsGet,91,SURVIVED,none
